9
24	33	41	48	34	72	47	12	
50	7	59	16	6	67	40	30	
35	45	23	42	73	65	15	25	
49	2	70	38	26	37	29	22	
71	61	39	56	57	54	4	17	
20	62	64	21	13	69	11	19	
36	53	9	68	5	10	8	1	
60	27	63	31	43	44	46	

35	24	12	66	7	25	4	2	
38	68	10	3	18	54	51	29	
14	16	28	42	62	15	9	52	
27	50	53	17	34	69	20	19	
43	61	47	67	73	55	64	33	
63	57	49	70	58	23	46	40	
22	30	41	37	8	72	5	11	
39	6	44	31	45	32	1	

67	55	57	4	52	26	22	46	
68	71	59	21	61	41	6	39	
15	33	36	27	50	43	24	34	
32	23	18	66	56	5	51	72	
62	49	19	9	42	54	64	38	
35	30	16	10	63	2	53	37	
8	20	40	60	28	1	7	31	
11	73	45	14	12	47	3	

52	55	69	28	38	5	46	67	
35	42	59	4	7	17	49	6	
30	24	8	11	60	29	61	68	
18	26	20	15	48	10	54	14	
63	64	70	43	47	45	40	32	
3	56	36	73	34	22	25	27	
51	31	41	9	2	58	62	57	
19	21	53	16	44	71	66	

13	16	8	
11	7	4	
6	2	

3	2	13	
7	1	17	
20	15	

11	2	18	27	34	
20	10	26	21	23	
33	6	15	32	1	
17	12	14	4	30	
28	24	7	13	

34	26	12	23	6	
29	3	24	19	30	
33	27	4	2	32	
7	13	16	28	20	
31	17	11	18	

28	5	13	26	34	
23	30	19	10	25	
15	20	8	22	1	
27	14	29	11	33	
16	31	32	18	

